[[  67   45   28   28  19   94   809]
 [  76   50   12   18  31   101   60]
 [  269   186   139   172   58   322   5404]
 [  5   3   4   7   0   0   0]
 [  8   4   3   9   0   0   0]
 [  19   5   9   17 0   0   0]]




 [[  1.00000000e+00   2.30000000e+01   4.30000000e+01   6.10000000e+01
    3.90000000e+01   2.60000000e+01   7.91000000e+02]
 [  0.00000000e+00   5.60000000e+01   5.10000000e+01   6.90000000e+01
    8.20000000e+01   5.80000000e+01   8.10000000e+01]
 [  1.20000000e+01   9.40000000e+01   1.75000000e+02   2.17000000e+02
    1.24000000e+02   9.10000000e+01   5.42300000e+03]
 [  0.00000000e+00   0.00000000e+00   0.00000000e+00   0.00000000e+00
    0.00000000e+00   0.00000000e+00   0.00000000e+00]
 [  0.00000000e+00   0.00000000e+00   0.00000000e+00   0.00000000e+00
    0.00000000e+00   0.00000000e+00   0.00000000e+00]
 [  0.00000000e+00   0.00000000e+00   0.00000000e+00   0.00000000e+00
    0.00000000e+00   0.00000000e+00   0.00000000e+00]]
[[  0.   1.   0.   1.   0.   0.   0.]
 [  0.   1.   1.   0.   0.   0.   0.]
 [  3.   3.   0.   9.   0.   0.   0.]
 [  4.   8.   4.  16.   0.   0.   0.]
 [ 17.  14.   7.  25.   0.   0.   0.]
 [ 19.  24.  18.  40.   0.   0.   0.]]
[[  0.   0.   1.   8.   0.   0.   0.]
 [  2.   5.   3.  12.   0.   0.   0.]
 [  6.   5.   6.  29.   0.   0.   0.]
 [  0.   0.   0.   0.   0.   0.   0.]
 [  0.   0.   0.   0.   0.   0.   0.]
 [  0.   0.   0.   0.   0.   0.   0.]]
[[  0.   0.   0.   2.   3.   2.   5.]
 [  0.   0.   0.   3.   3.   1.  14.]


 [[    0.    61.     2.   213.     3.    18.     0.]
 [    2.   113.     3.    48.     2.    22.     2.]
 [    3.   152.     8.  1431.     6.    19.     9.]
 [    0.     0.     0.     0.     0.     0.     0.]
 [    0.     0.     0.     0.     0.     0.     0.]
 [    0.     0.     0.     0.     0.     0.     0.]]
[[  0.   0.   0.   0.   0.   0.   0.]
 [  3.   1.   0.   0.   0.   0.   0.]
 [  3.   3.   1.   4.   0.   0.   0.]
 [ 10.   7.   4.   3.   0.   0.   0.]
 [ 21.   9.   6.   9.   0.   0.   0.]
 [ 39.  21.  21.  23.   0.   0.   0.]]
[[  1.   3.   0.   2.   0.   0.   0.]
 [  1.   5.   2.   2.   0.   0.   0.]
 [  5.  15.   3.  14.   0.   0.   0.]
 [  0.   0.   0.   0.   0.   0.   0.]
 [  0.   0.   0.   0.   0.   0.   0.]
 [  0.   0.   0.   0.   0.   0.   0.]]
[[  0.   0.   0.   5.   1.   0.   1.]
 [  0.   0.   0.   8.   2.   5.   2.]
 [  0.   0.   0.   9.   7.  14.   5.]
 [  0.   0.   0.   0.   0.   0.   0.]
 [  0.   0.   0.   0.   0.   0.   0.]
 [  0.   0.   0.   0.   0.   0.   0.]]



 Model won  39  games out of 100
Model won  46  games out of 100
Model won  53  games out of 100
Model won  54  games out of 100
Model won  52  games out of 100
Model won  66  games out of 100
Model won  48  games out of 100
Model won  68  games out of 100
Model won  66  games out of 100
Model won  60  games out of 100
Model won  58  games out of 100
Model won  51  games out of 100
Model won  58  games out of 100
Model won  70  games out of 100
Model won  61  games out of 100
Model won  64  games out of 100
Model won  71  games out of 100
Model won  71  games out of 100
Model won  75  games out of 100
Model won  82  games out of 100
Model won  58  games out of 100
Model won  67  games out of 100
Model won  71  games out of 100
Model won  62  games out of 100
Model won  84  games out of 100